-5.000000000000000000e+00 1.457500646622306162e-01
-4.900000000000000355e+00 -2.198678361379019508e-03
-4.799999999999999822e+00 6.193273817633642570e-02
-4.700000000000000178e+00 2.174877847069975334e-01
-4.599999999999999645e+00 1.274213029054999669e-01
-4.500000000000000000e+00 1.274302853288112047e-01
-4.400000000000000355e+00 1.226056509705795300e-01
-4.299999999999999822e+00 1.604094805992254125e-01
-4.200000000000000178e+00 2.054707734640411620e-01
-4.099999999999999645e+00 1.379934498851131397e-01
-4.000000000000000000e+00 2.892832350139712960e-01
-3.899999999999999911e+00 3.514205661354969923e-01
-3.799999999999999822e+00 2.900844040962923254e-01
-3.700000000000000178e+00 3.076147817575394239e-01
-3.599999999999999645e+00 3.717702874266452517e-01
-3.500000000000000000e+00 5.389896273143932603e-01
-3.399999999999999911e+00 6.472682576937505150e-01
-3.299999999999999822e+00 8.797079139270442827e-01
-3.200000000000000178e+00 9.049172322149620085e-01
-3.099999999999999645e+00 1.131341958150913651e+00
-3.000000000000000000e+00 9.743394564092174859e-01
-2.899999999999999911e+00 9.157773193405428502e-01
-2.799999999999999822e+00 8.005172658938466412e-01
-2.699999999999999734e+00 6.901139984604293121e-01
-2.599999999999999645e+00 5.194016223104569452e-01
-2.500000000000000000e+00 4.444508157522657488e-01
-2.399999999999999911e+00 4.978002196718336325e-01
-2.299999999999999822e+00 3.527183837173921144e-01
-2.199999999999999734e+00 1.709524448927097484e-01
-2.099999999999999645e+00 2.342321929771202793e-01
-2.000000000000000000e+00 1.436057497309081443e-01
-1.899999999999999911e+00 8.646662121407475143e-02
-1.799999999999999822e+00 1.730982823482175303e-01
-1.699999999999999734e+00 8.553006745230540275e-02
-1.599999999999999645e+00 1.143630913661733972e-01
-1.500000000000000000e+00 9.368932573435131972e-02
-1.399999999999999911e+00 8.452334893761041801e-02
-1.299999999999999822e+00 -2.050430926167191859e-02
-1.199999999999999734e+00 1.337222526043312376e-01
-1.099999999999999645e+00 8.670576541322891351e-02
-1.000000000000000000e+00 -6.835106588162997987e-03
